Run
Model
Dataset
Train_RMSE
Train_MAE
Train_R2
Test_RMSE
Test_MAE
Test_R2
1
1
M5
abalone
0.0745912067
0.0520793130
0.5866754
0.0731205738
0.0507483900
0.5432431
2
1
M5E
abalone
0.0759191603
0.0526925155
0.5718275
0.0712137552
0.0493915939
0.5667549
3
1
M5
auto
0.0683202401
0.0490929492
0.8907874
0.0775220648
0.0571227406
0.8199908
4
1
M5E
auto
0.0658068971
0.0464607618
0.8986749
0.0760822331
0.0543856015
0.8266154
5
1
M5
bos_housing
0.0594996187
0.0425133507
0.9089270
0.0689773775
0.0535590932
0.9192333
6
1
M5E
bos_housing
0.0503208261
0.0359007694
0.9348586
0.0629341959
0.0489517281
0.9327655
7
1
M5
cali_housing
0.0905582704
0.0579348696
0.8563509
0.0969271275
0.0629581374
0.8202382
8
1
M5E
cali_housing
0.0833369533
0.0528411926
0.8783472
0.0895867135
0.0580327173
0.8464344
9
1
M5
CASP
0.1968650485
0.1369839844
0.5434478
0.2036312299
0.1427295589
0.5107405
10
1
M5E
CASP
0.1769282804
0.1246569031
0.6312367
0.1826143546
0.1287807618
0.6065221
11
1
M5
elevators
0.0323849873
0.0236771976
0.9004643
0.0354512093
0.0243166464
0.8854808
12
1
M5E
elevators
0.0312083313
0.0228300544
0.9075658
0.0334719073
0.0235350360
0.8979114
13
1
M5
fried
0.0325674918
0.0258886275
0.9573044
0.0335505041
0.0266817798
0.9546027
14
1
M5E
fried
0.0314988327
0.0250824334
0.9600604
0.0322947040
0.0255332536
0.9579375
15
1
M5
machine
0.0223745766
0.0150302348
0.9765335
0.0248354608
0.0161896629
0.8784985
16
1
M5E
machine
0.0274343921
0.0170944937
0.9647200
0.0254110733
0.0157914096
0.8728011
17
1
M5
MV
0.0002984380
0.0001336867
0.9999984
0.0002992559
0.0001318639
0.9999983
18
1
M5E
MV
0.0002299818
0.0001226955
0.9999990
0.0002665515
0.0001244439
0.9999987
19
1
M5
servo
0.0451661223
0.0308600214
0.9621350
0.0382674279
0.0269823780
0.9727304
20
1
M5E
servo
0.0451661223
0.0308600214
0.9621350
0.0382674279
0.0269823780
0.9727304
21
2
M5
abalone
0.0745057827
0.0518657550
0.5749032
0.0784125670
0.0549088170
0.5742713
22
2
M5E
abalone
0.0743524403
0.0517938977
0.5766512
0.0789012552
0.0549578762
0.5689483
23
2
M5
auto
0.0608304222
0.0450107176
0.9128556
0.1200880143
0.0800385324
0.6708329
24
2
M5E
auto
0.0615046784
0.0444823311
0.9109130
0.0987057361
0.0644271939
0.7776168
25
2
M5
bos_housing
0.0635404983
0.0455053759
0.9010910
0.0482480265
0.0380788832
0.9344463
26
2
M5E
bos_housing
0.0475288122
0.0357802813
0.9446588
0.0505659724
0.0392197069
0.9279963
27
2
M5
cali_housing
0.0893979402
0.0578250311
0.8597134
0.1019527675
0.0631619029
0.8158466
28
2
M5E
cali_housing
0.0826825908
0.0528172627
0.8799978
0.0938743073
0.0583939471
0.8438740
29
2
M5
CASP
0.1964150860
0.1354518629
0.5442275
0.2122352823
0.1452614606
0.4831107
30
2
M5E
CASP
0.1748019378
0.1234359572
0.6390135
0.1900611040
0.1335073548
0.5854768
31
2
M5
elevators
0.0333050290
0.0239495750
0.8924794
0.0331506332
0.0237394661
0.9030761
32
2
M5E
elevators
0.0317789787
0.0231338110
0.9021069
0.0324136116
0.0231969683
0.9073379
33
2
M5
fried
0.0328385026
0.0260690871
0.9567200
0.0332426485
0.0264110598
0.9538766
34
2
M5E
fried
0.0313264476
0.0248921002
0.9606139
0.0318308410
0.0252250714
0.9577111
35
2
M5
machine
0.0292105056
0.0175027603
0.9420933
0.0565930459
0.0373173202
0.9329033
36
2
M5E
machine
0.0310102550
0.0181592838
0.9347379
0.0403490154
0.0261857649
0.9658932
37
2
M5
MV
0.0003119160
0.0001345473
0.9999982
0.0003025132
0.0001354675
0.9999984
38
2
M5E
MV
0.0002579953
0.0001241288
0.9999988
0.0002625131
0.0001263421
0.9999988
39
2
M5
servo
0.0355445179
0.0177989476
0.9727881
0.0891621050
0.0439117422
0.9065059
40
2
M5E
servo
0.0355445179
0.0177989476
0.9727881
0.0891621050
0.0439117422
0.9065059
41
3
M5
abalone
0.0748764517
0.0519375251
0.5782639
0.0791194627
0.0557222321
0.5156952
42
3
M5E
abalone
0.0752451470
0.0523860323
0.5741004
0.0792717380
0.0558113556
0.5138292
43
3
M5
auto
0.0714352230
0.0509167960
0.8809563
0.0843247729
0.0692613311
0.8438581
44
3
M5E
auto
0.0689607309
0.0486579124
0.8890607
0.0894155427
0.0669088669
0.8244361
45
3
M5
bos_housing
0.0621904527
0.0416019511
0.9080573
0.1022999909
0.0582965105
0.7856512
46
3
M5E
bos_housing
0.0515877797
0.0380690971
0.9367350
0.0798419586
0.0550859601
0.8694334
47
3
M5
cali_housing
0.0908906310
0.0585132236
0.8530351
0.1091996048
0.0662409919
0.8018598
48
3
M5E
cali_housing
0.0828506383
0.0527079350
0.8778855
0.0968114162
0.0605144899
0.8442660
49
3
M5
CASP
0.1970608240
0.1376593187
0.5417687
0.2088871271
0.1471789624
0.4863055
50
3
M5E
CASP
0.1743329258
0.1226022643
0.6413730
0.1893098790
0.1335248426
0.5780819
51
3
M5
elevators
0.0316459668
0.0231929531
0.9001828
0.0341402805
0.0248711639
0.8992139
52
3
M5E
elevators
0.0312810347
0.0229013270
0.9024716
0.0332257625
0.0243060002
0.9045411
53
3
M5
fried
0.0326193443
0.0259229348
0.9570279
0.0332559248
0.0265144254
0.9553003
54
3
M5E
fried
0.0315086728
0.0250574952
0.9599045
0.0321515413
0.0256425417
0.9582198
55
3
M5
machine
0.0263207134
0.0171038694
0.9666722
0.0854067782
0.0387398876
0.5073764
56
3
M5E
machine
0.0253426210
0.0169058221
0.9691031
0.0460949640
0.0237933902
0.8565048
57
3
M5
MV
0.0003218859
0.0001306767
0.9999981
0.0002979756
0.0001297463
0.9999984
58
3
M5E
MV
0.0002356120
0.0001211344
0.9999990
0.0002497280
0.0001218962
0.9999989
59
3
M5
servo
0.0356815245
0.0224349473
0.9727436
0.0448654674
0.0307671416
0.9273581
60
3
M5E
servo
0.0356815245
0.0224349473
0.9727436
0.0448654674
0.0307671416
0.9273581
61
4
M5
abalone
0.0747540034
0.0523617705
0.5859146
0.0759302133
0.0544119261
0.5573386
62
4
M5E
abalone
0.0749861263
0.0522982187
0.5833390
0.0759752055
0.0539135037
0.5568139
63
4
M5
auto
0.0714103086
0.0525707563
0.8806721
0.0888823935
0.0580404452
0.8160910
64
4
M5E
auto
0.0655891522
0.0479147886
0.8993337
0.1003956821
0.0593072014
0.7653602
65
4
M5
bos_housing
0.0640386988
0.0459588865
0.8945033
0.1063772316
0.0602587873
0.7918859
66
4
M5E
bos_housing
0.0577012312
0.0411204139
0.9143506
0.0882506253
0.0536915356
0.8567681
67
4
M5
cali_housing
0.0884599207
0.0572087831
0.8624909
0.1073106152
0.0675534517
0.7927163
68
4
M5E
cali_housing
0.0816079065
0.0519451998
0.8829685
0.0981864834
0.0610811926
0.8264666
69
4
M5
CASP
0.1955976146
0.1361585813
0.5502466
0.2088357283
0.1456996592
0.4755459
70
4
M5E
CASP
0.1754959324
0.1236532121
0.6379392
0.1869086659
0.1334892908
0.5798961
71
4
M5
elevators
0.0324712493
0.0234748234
0.8989766
0.0351590035
0.0246455146
0.8783993
72
4
M5E
elevators
0.0313573159
0.0231127198
0.9057890
0.0337070973
0.0240169276
0.8882351
73
4
M5
fried
0.0324788684
0.0257526676
0.9574307
0.0336992971
0.0269236533
0.9537804
74
4
M5E
fried
0.0313927422
0.0249228675
0.9602302
0.0326059462
0.0261912452
0.9567308
75
4
M5
machine
0.0370586266
0.0211154425
0.9234462
0.0736308939
0.0339792602
0.8825867
76
4
M5E
machine
0.0234780569
0.0156960376
0.9692736
0.0585133775
0.0318840441
0.9258506
77
4
M5
MV
0.0002819179
0.0001315176
0.9999986
0.0005877429
0.0001452569
0.9999937
78
4
M5E
MV
0.0002403591
0.0001234745
0.9999990
0.0003092918
0.0001280156
0.9999982
79
4
M5
servo
0.0338914929
0.0254395084
0.9779545
0.0721409190
0.0537108109
0.8913826
80
4
M5E
servo
0.0338914929
0.0254395084
0.9779545
0.0721409190
0.0537108109
0.8913826
81
5
M5
abalone
0.0748693471
0.0520967096
0.5708679
0.0803515176
0.0564141985
0.5791956
82
5
M5E
abalone
0.0750429397
0.0520510279
0.5688757
0.0807255942
0.0563293916
0.5752684
83
5
M5
auto
0.0638678104
0.0455753537
0.9053735
0.1027049568
0.0756356220
0.7396524
84
5
M5E
auto
0.0654305366
0.0462233853
0.9006861
0.0907431855
0.0694039382
0.7967649
85
5
M5
bos_housing
0.0718661364
0.0491257351
0.8728895
0.1242723373
0.0720677915
0.5589250
86
5
M5E
bos_housing
0.0543972046
0.0378507948
0.9271741
0.0910396316
0.0508744242
0.7632857
87
5
M5
cali_housing
0.0903344616
0.0581704906
0.8565024
0.0981210212
0.0637954288
0.8313303
88
5
M5E
cali_housing
0.0825341992
0.0525225214
0.8802141
0.0898986484
0.0582838851
0.8584143
89
5
M5
CASP
0.1972000121
0.1379266168
0.5435136
0.2107523627
0.1480650603
0.4687133
90
5
M5E
CASP
0.1744501624
0.1233527002
0.6427628
0.1883013550
0.1326511986
0.5758779
91
5
M5
elevators
0.0320605337
0.0235742045
0.8975686
0.0330993768
0.0242712162
0.9059180
92
5
M5E
elevators
0.0315759369
0.0230021850
0.9006417
0.0327361116
0.0235722712
0.9079718
93
5
M5
fried
0.0323694508
0.0256859974
0.9574437
0.0337082025
0.0268456911
0.9557089
94
5
M5E
fried
0.0313123068
0.0248819438
0.9601780
0.0322478262
0.0256129454
0.9594635
95
5
M5
machine
0.0212540651
0.0145101410
0.9806702
0.0161227639
0.0104221033
0.7224774
96
5
M5E
machine
0.0246475049
0.0160494994
0.9740050
0.0133842954
0.0092615345
0.8087460
97
5
M5
MV
0.0003378840
0.0001384056
0.9999979
0.0003459173
0.0001412592
0.9999979
98
5
M5E
MV
0.0002212476
0.0001191667
0.9999991
0.0002352857
0.0001227399
0.9999990
99
5
M5
servo
0.0375602805
0.0237895232
0.9707088
0.0610336639
0.0362251068
0.9436159
100
5
M5E
servo
0.0375602805
0.0237895232
0.9707088
0.0610336639
0.0362251068
0.9436159
101
6
M5
abalone
0.0747782044
0.0523477836
0.5718401
0.0860324383
0.0596585542
0.4658750
102
6
M5E
abalone
0.0741269187
0.0515524550
0.5792658
0.0847277349
0.0586774245
0.4819525
103
6
M5
auto
0.0663880913
0.0483360888
0.8993420
0.0682445288
0.0499386686
0.9089380
104
6
M5E
auto
0.0657040223
0.0472464539
0.9014057
0.0638895208
0.0488872552
0.9201893
105
6
M5
bos_housing
0.0651908886
0.0459398950
0.8974026
0.0716178969
0.0543106080
0.8853363
106
6
M5E
bos_housing
0.0511831385
0.0372989992
0.9367564
0.0568477338
0.0398943859
0.9277548
107
6
M5
cali_housing
0.0910802416
0.0589589524
0.8525302
0.1012772634
0.0650730902
0.8140483
108
6
M5E
cali_housing
0.0824524513
0.0528842974
0.8791458
0.0899356602
0.0570135821
0.8533642
109
6
M5
CASP
0.1964583069
0.1375232052
0.5446286
0.2077834386
0.1447179944
0.4969876
110
6
M5E
CASP
0.1753348457
0.1237378683
0.6372884
0.1875762903
0.1309105920
0.5900671
111
6
M5
elevators
0.0316936546
0.0233427364
0.9045567
0.0325502342
0.0239161129
0.8963132
112
6
M5E
elevators
0.0310619070
0.0228717447
0.9083237
0.0319490624
0.0232614773
0.9001078
113
6
M5
fried
0.0325106145
0.0257816325
0.9573629
0.0332168114
0.0264643139
0.9550474
114
6
M5E
fried
0.0314255796
0.0249577081
0.9601614
0.0319776293
0.0254790032
0.9583388
115
6
M5
machine
0.0306026630
0.0171686635
0.9575719
0.0414226079
0.0278472988
0.8585928
116
6
M5E
machine
0.0256875813
0.0156349665
0.9701062
0.0407471525
0.0260287671
0.8631669
117
6
M5
MV
0.0002872451
0.0001332780
0.9999985
0.0003629669
0.0001375384
0.9999975
118
6
M5E
MV
0.0002397915
0.0001236082
0.9999990
0.0002444376
0.0001214815
0.9999989
119
6
M5
servo
0.0271513119
0.0177912283
0.9860904
0.0897880072
0.0376968432
0.6751296
120
6
M5E
servo
0.0271513119
0.0177912283
0.9860904
0.0897880072
0.0376968432
0.6751296
121
7
M5
abalone
0.0742136051
0.0521607713
0.5684868
0.0770772075
0.0519577944
0.5423434
122
7
M5E
abalone
0.0744021596
0.0520026512
0.5662913
0.0770826682
0.0521360166
0.5422786
123
7
M5
auto
0.0704827151
0.0524897836
0.8825984
0.0673097892
0.0474886520
0.9004370
124
7
M5E
auto
0.0652586063
0.0477539126
0.8993569
0.0648620410
0.0465767231
0.9075466
125
7
M5
bos_housing
0.0584457715
0.0424271039
0.9138459
0.1452704229
0.0741073830
0.5940343
126
7
M5E
bos_housing
0.0512045557
0.0377143127
0.9338717
0.1122370511
0.0616907624
0.7576698
127
7
M5
cali_housing
0.0895120588
0.0577860525
0.8573664
0.1063977967
0.0674602303
0.8074038
128
7
M5E
cali_housing
0.0823897118
0.0524430503
0.8791616
0.0982095418
0.0616782766
0.8359071
129
7
M5
CASP
0.1949236789
0.1358946796
0.5514673
0.2082595553
0.1430893978
0.4873065
130
7
M5E
CASP
0.1751412388
0.1237589817
0.6378890
0.1856674456
0.1293228887
0.5925076
131
7
M5
elevators
0.0319530136
0.0233946619
0.8989296
0.0342997101
0.0244890716
0.8932864
132
7
M5E
elevators
0.0312438358
0.0229490827
0.9033662
0.0343855339
0.0247033307
0.8927517
133
7
M5
fried
0.0326082098
0.0258328877
0.9572413
0.0337587679
0.0269233599
0.9528660
134
7
M5E
fried
0.0314497652
0.0249887317
0.9602255
0.0322607622
0.0257007485
0.9569562
135
7
M5
machine
0.0422940978
0.0237059221
0.9201251
0.0301262631
0.0227636386
0.9354476
136
7
M5E
machine
0.0283918191
0.0183711452
0.9640054
0.0282711276
0.0217252009
0.9431529
137
7
M5
MV
0.0003085116
0.0001333269
0.9999983
0.0003107251
0.0001327503
0.9999983
138
7
M5E
MV
0.0002283537
0.0001221780
0.9999991
0.0002367778
0.0001233527
0.9999990
139
7
M5
servo
0.0692013199
0.0389364716
0.9048384
0.0465514738
0.0379767967
0.9288752
140
7
M5E
servo
0.0692013199
0.0389364716
0.9048384
0.0465514738
0.0379767967
0.9288752
141
8
M5
abalone
0.0745517649
0.0519952384
0.5746317
0.0804870444
0.0568722577
0.5672139
142
8
M5E
abalone
0.0742828162
0.0515375880
0.5776952
0.0805927616
0.0565357353
0.5660762
143
8
M5
auto
0.0707879565
0.0505771693
0.8808530
0.0745818361
0.0582705219
0.8712220
144
8
M5E
auto
0.0684840697
0.0488051198
0.8884824
0.0756201567
0.0600793693
0.8676114
145
8
M5
bos_housing
0.0787634731
0.0501394148
0.8560140
0.0867256595
0.0612924225
0.7521030
146
8
M5E
bos_housing
0.0553692727
0.0386965605
0.9288445
0.0548608695
0.0397909226
0.9008023
147
8
M5
cali_housing
0.0912530217
0.0583215096
0.8534213
0.0974950150
0.0627086973
0.8271712
148
8
M5E
cali_housing
0.0825235463
0.0522093250
0.8801240
0.0893526669
0.0574545167
0.8548335
149
8
M5
CASP
0.1960403838
0.1361228470
0.5476296
0.2067351787
0.1426705168
0.4944793
150
8
M5E
CASP
0.1753801912
0.1238068616
0.6379537
0.1867272032
0.1312256018
0.5875936
151
8
M5
elevators
0.0315408435
0.0234595458
0.9038133
0.0328694073
0.0245403118
0.9058975
152
8
M5E
elevators
0.0318305968
0.0232620459
0.9020379
0.0320436641
0.0236986033
0.9105661
153
8
M5
fried
0.0325737483
0.0258453170
0.9572462
0.0329858128
0.0263289763
0.9551573
154
8
M5E
fried
0.0316851283
0.0251735231
0.9595471
0.0316492429
0.0251508476
0.9587177
155
8
M5
machine
0.0260956202
0.0165451739
0.9695970
0.0366199968
0.0266428334
0.7644450
156
8
M5E
machine
0.0222968348
0.0144112654
0.9778043
0.0371035194
0.0277663996
0.7581835
157
8
M5
MV
0.0002906989
0.0001346409
0.9999985
0.0003809107
0.0001372579
0.9999973
158
8
M5E
MV
0.0002399099
0.0001232465
0.9999990
0.0002762200
0.0001249063
0.9999986
159
8
M5
servo
0.0550481025
0.0368791540
0.9460540
0.0927866430
0.0665389234
0.5368445
160
8
M5E
servo
0.0550481025
0.0368791540
0.9460540
0.0927866430
0.0665389234
0.5368445
161
9
M5
abalone
0.0739110289
0.0520414224
0.5803697
0.0694915084
0.0472344371
0.6387028
162
9
M5E
abalone
0.0743732142
0.0519563473
0.5751052
0.0700337980
0.0473996450
0.6330419
163
9
M5
auto
0.0663674068
0.0469567389
0.8956931
0.0751811688
0.0470029518
0.8831699
164
9
M5E
auto
0.0711104421
0.0512959093
0.8802515
0.0754557696
0.0473022607
0.8823149
165
9
M5
bos_housing
0.0606171639
0.0436499808
0.9171332
0.0854375872
0.0549869354
0.6727184
166
9
M5E
bos_housing
0.0520518927
0.0380536423
0.9388971
0.1011529118
0.0565113919
0.5412454
167
9
M5
cali_housing
0.0913260526
0.0583516663
0.8528909
0.1019173604
0.0643759358
0.8118001
168
9
M5E
cali_housing
0.0826579356
0.0526595069
0.8794911
0.0944043314
0.0588968491
0.8385244
169
9
M5
CASP
0.1970441673
0.1369192357
0.5428385
0.2086931203
0.1449654127
0.4915078
170
9
M5E
CASP
0.1748381183
0.1233897681
0.6400728
0.1878313068
0.1321380970
0.5880884
171
9
M5
elevators
0.0319874852
0.0234609934
0.9029669
0.0337272152
0.0237536832
0.8858992
172
9
M5E
elevators
0.0314253553
0.0230885387
0.9063473
0.0329027106
0.0232901915
0.8914096
173
9
M5
fried
0.0327281950
0.0259507512
0.9568726
0.0336521380
0.0268779465
0.9534919
174
9
M5E
fried
0.0312968662
0.0248746010
0.9605624
0.0321661918
0.0256563580
0.9575085
175
9
M5
machine
0.0253496994
0.0165750119
0.9679035
0.0545501147
0.0283926204
0.4957459
176
9
M5E
machine
0.0261163367
0.0169422971
0.9659327
0.0546688327
0.0281027530
0.4935486
177
9
M5
MV
0.0003023014
0.0001339448
0.9999984
0.0002389739
0.0001255359
0.9999990
178
9
M5E
MV
0.0002186822
0.0001172818
0.9999991
0.0001803303
0.0001115553
0.9999994
179
9
M5
servo
0.0720754549
0.0422359293
0.8993450
0.0354699877
0.0255221541
0.9570860
180
9
M5E
servo
0.0720754549
0.0422359293
0.8993450
0.0354699877
0.0255221541
0.9570860
181
10
M5
abalone
0.0749010382
0.0522323583
0.5733889
0.0822112705
0.0553227883
0.5504963
182
10
M5E
abalone
0.0749083630
0.0521685011
0.5733055
0.0820577240
0.0546281660
0.5521738
183
10
M5
auto
0.0754999938
0.0529712319
0.8629362
0.0789272268
0.0592987546
0.8477974
184
10
M5E
auto
0.0730918001
0.0493300358
0.8715405
0.0791519107
0.0616878690
0.8469296
185
10
M5
bos_housing
0.0578223685
0.0425222847
0.9199432
0.0618816342
0.0435917813
0.8882445
186
10
M5E
bos_housing
0.0561335385
0.0400652615
0.9245514
0.0777472252
0.0425642989
0.8235933
187
10
M5
cali_housing
0.0910364051
0.0585419007
0.8532459
0.1022078725
0.0634712303
0.8105680
188
10
M5E
cali_housing
0.0829888687
0.0529471920
0.8780449
0.0928839092
0.0567038285
0.8435536
189
10
M5
CASP
0.1963770079
0.1362129995
0.5446370
0.2053813149
0.1431561541
0.5055162
190
10
M5E
CASP
0.1749055034
0.1232435226
0.6387703
0.1857455029
0.1314965421
0.5955482
191
10
M5
elevators
0.0314769324
0.0232997542
0.9038239
0.0338918180
0.0245431628
0.8965700
192
10
M5E
elevators
0.0311953466
0.0229962181
0.9055369
0.0322435168
0.0233927675
0.9063858
193
10
M5
fried
0.0328966829
0.0261184462
0.9566692
0.0330243094
0.0262840293
0.9540062
194
10
M5E
fried
0.0314183278
0.0249634306
0.9604762
0.0314075344
0.0249714623
0.9583994
195
10
M5
machine
0.0233711934
0.0145409536
0.9708835
0.0728648636
0.0355093371
0.8420484
196
10
M5E
machine
0.0209477836
0.0137720862
0.9766087
0.0628776417
0.0324366765
0.8823803
197
10
M5
MV
0.0003171936
0.0001402487
0.9999982
0.0003589567
0.0001394541
0.9999976
198
10
M5E
MV
0.0002360204
0.0001245078
0.9999990
0.0002319326
0.0001242093
0.9999990
199
10
M5
servo
0.0239700858
0.0165308124
0.9888927
0.0493953607
0.0302723963
0.9407121
200
10
M5E
servo
0.0239700858
0.0165308124
0.9888927
0.0493953607
0.0302723963
0.9407121
201
11
M5
abalone
0.0752142795
0.0525857261
0.5733776
0.0695878600
0.0479119529
0.5960857
202
11
M5E
abalone
0.0753236055
0.0525320875
0.5721365
0.0696392397
0.0479223112
0.5954891
203
11
M5
auto
0.0708765675
0.0506607710
0.8728392
0.1089862753
0.0790326266
0.8231564
204
11
M5E
auto
0.0674283995
0.0483606113
0.8849111
0.1066474789
0.0756516799
0.8306650
205
11
M5
bos_housing
0.0591359352
0.0420235521
0.9208322
0.0668532713
0.0514698766
0.8831789
206
11
M5E
bos_housing
0.0490086714
0.0369076946
0.9456260
0.0569361011
0.0449231163
0.9152672
207
11
M5
cali_housing
0.0898861003
0.0575515425
0.8582276
0.1028230506
0.0623869308
0.8067172
208
11
M5E
cali_housing
0.0824383181
0.0526373346
0.8807483
0.0908792268
0.0572032211
0.8490124
209
11
M5
CASP
0.1967573339
0.1378907252
0.5455558
0.2082012198
0.1459315966
0.4741972
210
11
M5E
CASP
0.1751279481
0.1234196743
0.6399775
0.1855813938
0.1318410848
0.5822415
211
11
M5
elevators
0.0319448204
0.0236688600
0.9011015
0.0317029838
0.0236387729
0.8950836
212
11
M5E
elevators
0.0316132153
0.0231751169
0.9031441
0.0311646047
0.0227225436
0.8986167
213
11
M5
fried
0.0324276719
0.0257271452
0.9576600
0.0338224458
0.0268772222
0.9538949
214
11
M5E
fried
0.0314920666
0.0250538189
0.9600679
0.0326332468
0.0259376754
0.9570800
215
11
M5
machine
0.0290439443
0.0188329547
0.9436745
0.0947402629
0.0469962822
0.8427837
216
11
M5E
machine
0.0241007865
0.0156444370
0.9612157
0.0648187038
0.0375263570
0.9264083
217
11
M5
MV
0.0002897983
0.0001331790
0.9999985
0.0003765977
0.0001412430
0.9999975
218
11
M5E
MV
0.0002269771
0.0001160492
0.9999991
0.0002629788
0.0001196324
0.9999988
219
11
M5
servo
0.0331098845
0.0178030560
0.9780564
0.0404154563
0.0298101631
0.9722250
220
11
M5E
servo
0.0331098845
0.0178030560
0.9780564
0.0404154563
0.0298101631
0.9722250
221
12
M5
abalone
0.0748262932
0.0522759772
0.5689439
0.0724859963
0.0508669826
0.5922615
222
12
M5E
abalone
0.0749376285
0.0520049665
0.5676602
0.0730060706
0.0513837550
0.5863896
223
12
M5
auto
0.0728580000
0.0529508121
0.8777573
0.0727051554
0.0515778642
0.8684627
224
12
M5E
auto
0.0718708334
0.0502746568
0.8810474
0.0700090112
0.0494900828
0.8780375
225
12
M5
bos_housing
0.0539252058
0.0388451101
0.9298614
0.0653073525
0.0489148856
0.9072853
226
12
M5E
bos_housing
0.0517227893
0.0380872696
0.9354736
0.0544345380
0.0421550404
0.9355870
227
12
M5
cali_housing
0.0902983248
0.0576940860
0.8560616
0.1050600998
0.0667399162
0.7991577
228
12
M5E
cali_housing
0.0821864222
0.0523296595
0.8807612
0.0950387079
0.0601756694
0.8356459
229
12
M5
CASP
0.1968431344
0.1385466434
0.5431140
0.2060133820
0.1450020881
0.4973099
230
12
M5E
CASP
0.1758633201
0.1242547326
0.6353150
0.1864091150
0.1311519585
0.5884300
231
12
M5
elevators
0.0321190768
0.0235056074
0.9010995
0.0346592225
0.0255074873
0.8731644
232
12
M5E
elevators
0.0312149419
0.0228243059
0.9065891
0.0333816303
0.0245159203
0.8823428
233
12
M5
fried
0.0326156879
0.0258734719
0.9572034
0.0334801957
0.0267808630
0.9536788
234
12
M5E
fried
0.0315105238
0.0250451329
0.9600546
0.0320724379
0.0256607584
0.9574923
235
12
M5
machine
0.0258425464
0.0167583905
0.9708119
0.0311061667
0.0216209263
0.8787332
236
12
M5E
machine
0.0256643663
0.0165473499
0.9712130
0.0269712946
0.0183164656
0.9088299
237
12
M5
MV
0.0002968219
0.0001344810
0.9999984
0.0004025082
0.0001394486
0.9999971
238
12
M5E
MV
0.0002232075
0.0001202345
0.9999991
0.0003234034
0.0001280085
0.9999981
239
12
M5
servo
0.0558911290
0.0275648130
0.9395585
0.0871120914
0.0493742836
0.8134265
240
12
M5E
servo
0.0558911290
0.0275648130
0.9395585
0.0871120914
0.0493742836
0.8134265
241
13
M5
abalone
0.0729432736
0.0503051462
0.6006259
0.0795905600
0.0579537382
0.4941827
242
13
M5E
abalone
0.0738969983
0.0509847853
0.5901141
0.0776959243
0.0571048516
0.5179778
243
13
M5
auto
0.0714088499
0.0526964346
0.8773959
0.0759962709
0.0501758993
0.8724307
244
13
M5E
auto
0.0657039308
0.0483273270
0.8962033
0.0742734949
0.0434888967
0.8781489
245
13
M5
bos_housing
0.0651836520
0.0461184371
0.8942140
0.1131070705
0.0668294712
0.7941368
246
13
M5E
bos_housing
0.0520501619
0.0378738696
0.9325480
0.0971734271
0.0605740896
0.8480523
247
13
M5
cali_housing
0.0897429087
0.0579578975
0.8573741
0.1027252562
0.0669169269
0.8170117
248
13
M5E
cali_housing
0.0825883583
0.0524247228
0.8792086
0.0918684167
0.0588330074
0.8536471
249
13
M5
CASP
0.1970275266
0.1369255199
0.5431238
0.2041990029
0.1416892447
0.5029744
250
13
M5E
CASP
0.1751831287
0.1238328682
0.6388153
0.1831173424
0.1282744432
0.6003034
251
13
M5
elevators
0.0316857845
0.0234601007
0.9032902
0.0324957646
0.0242625775
0.8994404
252
13
M5E
elevators
0.0312797591
0.0229055780
0.9057528
0.0317821713
0.0234948125
0.9038084
Showing 3 to 31 of 600 entries, 9 total columns